-392.80
577.60
-332.30
-368.80
-343.00
-404.10
-388.10
603.50
612.50
-322.80
-364.20
591.90
-381.10
-394.90
-390.50
-394.10
-319.40
-430.50
602.70
611.50
-328.40
-381.10
579.80
-354.60
-410.70
656.00
670.20
-347.80
619.30
-326.50
-387.50
-333.10
-336.40
580.50
661.90
-350.40
636.00
-354.00
-365.60
-350.00
587.90
-363.80
654.00
614.10
590.90
-320.50
-380.10
592.00
-400.80
-314.60
-376.30
667.30
596.00
-315.20
668.00
-348.90
620.40
-327.00
614.90
608.00
0
-351.90
-378.70
-372.30
-390.00
-419.00
-377.30
678.60
-377.50
628.80
668.60
640.80
-381.70
-366.00
613.50
-368.30
-388.40
-384.20
-384.50
-323.90
-318.60
-357.10
-370.30
-321.20
600.80
-333.20
615.60
-367.20
-375.50
-315.30
-363.60
-343.20
609.70
612.00
618.70
609.10
-324.10
-379.10
571.30
-354.90
-371.50
-378.30
-319.00
657.80
609.10
581.80
-316.20
-407.20
667.80
646.80
-397.50
-317.90