"3372033094",
"3372035843",
"3372036004",
"3372036213",
"3372036886",
"3372037295",
"3372037301",
"3372037315",
"3372037951",
"3372038175",
"3372038212",
"3372039113",
"3372039625",
"3372039709",
"3372039879",
"3372040058",
"3372040633",
"3372040897",
"3372041348",
"3372041889",
"3372042404",
"3372042457",
"3372042718",
"3372043108",
"3372043655",
"3372043931",
"3372043941",
"3372044054",
"3372045505",
"3372045661",
"3372045699",
"3372045769",
"3372046457",
"3372046924",
"3372047009",
"3372047549",
"3372047672",
"3372048004",
"3372048325",
"3372049216"


¶©µ¥±àºÅ
3372049049
3372049022
3372048940
3372048936
3372048923
3372048860
3372048837
3372048797
3372048784
3372048770
3372048723
3372048719
3372048697
3372048651
3372048593
3372048551
3372048491
3372048423
3372048402
3372048393
3372048389
3372048387
3372048369
3372048340
3372048331
3372048325
3372048322
3372048271
3372048234
3372048223
3372048158
3372048125
3372048101
3372048097
3372048085
3372048017
3372048016
3372048011
3372048004
3372047988
3372047914
3372047876
3372047867
3372047798
3372047788
3372047773
3372047762
3372047677
3372047672
3372047629
3372047549
3372047530
3372047495
3372047439
3372047395
3372047361
3372047301
3372047244
3372047215
3372047212
3372047210
3372047203
3372047009
3372046924
3372046457
3372045769
3372045699
3372045661
3372045505
3372045317
3372044054
3372043941
3372043931
3372043655
3372043154
3372043108
3372043025
3372042919
3372042718
3372042457
3372042404
3372041889
3372041873
3372041869
3372041070
3372040897
3372040633
3372040058
3372039879
3372039709
3372039625
3372038557
3372038212
3372038175
3372038045
3372037951
3372037315
3372036886
3372036213
3372036126
3372036068
3372036004
3372035843
3372035838
3372035705
3372035234
3372035055
3372034787
3372030707
3372030632
3372030391
